0000000000000000
0000000000000001
0000000000000010
0000000000000011
0000000000000100
0000000000000101
0000000000000110
0000000000000111
0000000000001000
0000000000001001
0000000000001010
0000000000001011
0000000000001100
0000000000001101
0000000000001110
0000000000001111
0000000100000000
0000000100000001
0000000100000010
0000000100000011
0000000100000100
0000000100000101
0000000100000110
0000000100000111
0000000100001000
0000000100001001
0000000100001010
0000000100001011
0000000100001100
0000000100001101
0000000100001110
0000000100001111
0000001000000000
0000001000000001
0000001000000010
0000001000000011
0000001000000100
0000001000000101
0000001000000110
0000001000000111
0000001000001000
0000001000001001
0000001000001010
0000001000001011
0000001000001100
0000001000001101
0000001000001110
0000001000001111
0000001100000000
0000001100000001
0000001100000010
0000001100000011
0000001100000100
0000001100000101
0000001100000110
0000001100000111
0000001100001000
0000001100001001
0000001100001010
0000001100001011
0000001100001100
0000001100001101
0000001100001110
0000001100001111
0000010000000000
0000010000000001
0000010000000010
0000010000000011
0000010000000100
0000010000000101
0000010000000110
0000010000000111
0000010000001000
0000010000001001
0000010000001010
0000010000001011
0000010000001100
0000010000001101
0000010000001110
0000010000001111
0000010100000000
0000010100000001
0000010100000010
0000010100000011
0000010100000100
0000010100000101
0000010100000110
0000010100000111
0000010100001000
0000010100001001
0000010100001010
0000010100001011
0000010100001100
0000010100001101
0000010100001110
0000010100001111
0000011000000000
0000011000000001
0000011000000010
0000011000000011
0000011000000100
0000011000000101
0000011000000110
0000011000000111
0000011000001000
0000011000001001
0000011000001010
0000011000001011
0000011000001100
0000011000001101
0000011000001110
0000011000001111
0000011100000000
0000011100000001
0000011100000010
0000011100000011
0000011100000100
0000011100000101
0000011100000110
0000011100000111
0000011100001000
0000011100001001
0000011100001010
0000011100001011
0000011100001100
0000011100001101
0000011100001110
0000011100001111
0000100000001111
0000100000001111
0000100000001111
0000100000001111
0000100000001111
0000100000001111
0000100000001111
0000100000001111
0000100000001111
0000100000001111
0000100000001111
0000100000001111
0000100000001111
0000100000001111
0000100000001111
0000100000001111
0000100100001111
0000100100001111
0000100100001111
0000100100001111
0000100100001111
0000100100001111
0000100100001111
0000100100001111
0000100100001111
0000100100001111
0000100100001111
0000100100001111
0000100100001111
0000100100001111
0000100100001111
0000100100001111
0000101000001111
0000101000001111
0000101000001111
0000101000001111
0000101000001111
0000101000001111
0000101000001111
0000101000001111
0000101000001111
0000101000001111
0000101000001111
0000101000001111
0000101000001111
0000101000001111
0000101000001111
0000101000001111
0000101100001111
0000101100001111
0000101100001111
0000101100001111
0000101100001111
0000101100001111
0000101100001111
0000101100001111
0000101100001111
0000101100001111
0000101100001111
0000101100001111
0000101100001111
0000101100001111
0000101100001111
0000101100001111
0000110000001111
0000110000001111
0000110000001111
0000110000001111
0000110000001111
0000110000001111
0000110000001111
0000110000001111
0000110000001111
0000110000001111
0000110000001111
0000110000001111
0000110000001111
0000110000001111
0000110000001111
0000110000001111
0000110100001111
0000110100001111
0000110100001111
0000110100001111
0000110100001111
0000110100001111
0000110100001111
0000110100001111
0000110100001111
0000110100001111
0000110100001111
0000110100001111
0000110100001111
0000110100001111
0000110100001111
0000110100001111
0000111000001111
0000111000001111
0000111000001111
0000111000001111
0000111000001111
0000111000001111
0000111000001111
0000111000001111
0000111000001111
0000111000001111
0000111000001111
0000111000001111
0000111000001111
0000111000001111
0000111000001111
0000111000001111
0000111100001111
0000111100001111
0000111100001111
0000111100001111
0000111100001111
0000111100001111
0000111100001111
0000111100001111
0000111100001111
0000111100001111
0000111100001111
0000111100001111
0000111100001111
0000111100001111
0000111100001111
0000111100001111
